barometer_avg	:	1003.3520833333333
barometer_duration	:	1440
barometer_max	:	1006.2
barometer_max_time	:	2021-03-07T00:12:30+04:00
barometer_min	:	1000.6
barometer_min_time	:	2021-03-07T13:57:30+04:00
barometer_omm_avg	:	1003.3875
barometer_omm_duration	:	1440
barometer_omm_sum	:	1444878
barometer_sum	:	1444827
dewpoint_max	:	25.5
dewpoint_max_time	:	2021-03-07T02:52:30+04:00
dewpoint_min	:	22.6
dewpoint_min_time	:	2021-03-07T20:02:30+04:00
humidity_avg	:	96.18402777777777
humidity_duration	:	1440
humidity_max	:	100
humidity_max_time	:	2021-03-07T05:17:30+04:00
humidity_min	:	83
humidity_min_time	:	2021-03-07T17:12:30+04:00
humidity_sum	:	138505
in_humidity_max	:	77
in_humidity_max_time	:	2021-03-07T03:07:30+04:00
in_humidity_min	:	73
in_humidity_min_time	:	2021-03-07T18:02:30+04:00
in_temp_max	:	28.3
in_temp_max_time	:	2021-03-07T15:32:30+04:00
in_temp_min	:	27.4
in_temp_min_time	:	2021-03-07T22:42:30+04:00
out_temp_avg	:	24.783680555555556
out_temp_duration	:	1440
out_temp_max	:	27.9
out_temp_max_time	:	2021-03-07T17:07:30+04:00
out_temp_min	:	23.2
out_temp_min_time	:	2021-03-07T22:47:30+04:00
out_temp_omm_avg	:	24.75
out_temp_omm_duration	:	1440
out_temp_omm_max	:	27.8
out_temp_omm_max_time	:	2021-03-07T17:02:30+04:00
out_temp_omm_min	:	23.2
out_temp_omm_min_time	:	2021-03-07T23:02:30+04:00
out_temp_omm_sum	:	35640
out_temp_sum	:	35688.5
rain_duration	:	1440
rain_rate	:	5.908333333333333
rain_sum	:	8508
rx_avg	:	99.52604166666667
rx_duration	:	1440
rx_max	:	100
rx_max_time	:	2021-03-07T09:12:30+04:00
rx_min	:	97.4
rx_min_time	:	2021-03-07T00:57:30+04:00
rx_sum	:	143317.5
voltage_avg	:	4.6
voltage_duration	:	1440
voltage_max	:	4.6
voltage_max_time	:	2021-03-07T00:02:30+04:00
voltage_min	:	4.6
voltage_min_time	:	2021-03-07T00:02:30+04:00
voltage_sum	:	6624
wind_omm_avg	:	15.4875
wind_omm_duration	:	1440
wind_omm_max	:	51.5
wind_omm_max_time	:	2021-03-07T14:02:30+04:00
wind_omm_sum	:	22302
